PF06725 9 1 218 437 0 1 8 8 8 8
PF16121 48 8 216 226 41 1 7 14 19 30
PF13279 38 1 15 497 116 1 20 31 32 36
PF12729 4 1 363 442 177 3 4 4 4 4
PF05902 13 1 604 1698 0 1 6 9 11 13
PF02872 29 1 350 1438 32 3 19 25 27 28
PF01591 29 1 214 765 194 1 10 17 20 24
PF02117 32 4 12 88 275 1 24 28 32 32
PF10326 2 1 39 41 301 1 1 2 2 2
PF08792 14 1 193 431 31 2 5 7 7 7
PF12846 2 1 500 728 97 2 2 2 2 2
PF13671 36 1 112 1951 0 1 19 27 30 33
PF03417 3 1 131 434 163 1 3 3 3 3
PF13339 21 5 335 636 128 1 19 20 20 20
PF02496 3 1 33 39 76 1 3 3 3 3
PF06472 23 1 274 1059 282 1 16 18 19 22
PF08882 2 1 28 100 101 2 2 2 2 2
PF13673 33 1 95 1375 37 1 20 20 21 23
PF13420 5 2 20 33 150 2 4 4 4 4
PF05054 2 1 5 5 385 2 2 2 2 2
PF01064 39 1 118 1010 18 1 12 14 17 27
PF02273 13 1 12 23 291 4 8 10 13 13
PF03052 11 1 44 358 53 1 8 8 9 9
PF02438 11 11 130 662 452 1 9 9 9 10
PF01691 15 1 15 63 123 3 8 10 10 12
PF04881 7 7 30 52 125 2 4 4 4 5
PF03955 11 1 43 83 94 1 6 8 8 9
PF11559 8 2 186 464 151 1 5 7 8 8
PF07757 18 5 409 748 100 1 18 18 18 18
PF03747 27 1 72 417 222 1 18 21 24 27
PF08509 3 1 1976 2254 50 1 3 3 3 3
PF06355 4 1 14 28 124 2 2 4 4 4
PF01314 8 1 317 418 287 1 6 7 7 8
PF02730 8 1 406 502 199 1 5 6 7 8
PF01594 42 14 94 911 226 1 26 29 31 33
PF01987 33 2 116 421 146 1 26 27 27 28
PF11606 3 3 370 486 90 1 2 3 3 3
PF05208 25 1 157 609 0 1 21 23 23 23
PF11182 5 2 38 46 176 1 5 5 5 5
PF13372 4 1 59 71 425 1 4 4 4 4
PF03561 41 1 75 168 227 1 17 25 29 35
PF02948 13 3 29 226 0 1 2 8 10 12
PF07969 27 1 338 879 23 1 20 21 24 24
PF02461 2 1 11 43 233 2 2 2 2 2
PF15243 8 3 29 41 91 1 1 3 3 3
PF17256 6 3 31 33 79 1 1 1 3 3
PF12896 7 1 470 643 196 2 5 5 6 6
PF12862 9 1 596 884 113 2 5 6 7 8
PF10471 9 1 29 69 40 4 5 5 7 9
PF08174 14 1 395 1239 148 1 11 13 14 14
PF16018 4 1 964 1193 160 1 3 4 4 4
PF07260 6 1 144 157 344 1 1 3 4 5
PF11402 3 2 44 54 40 1 2 2 3 3
PF08108 2 2 1 7 11 2 2 2 2 2
PF14861 2 1 3 361 30 2 2 2 2 2
PF08256 29 2 1 7 12 21 21 22 22 22
PF08036 3 1 14 57 26 2 3 3 3 3
PF01786 36 1 158 287 137 1 32 35 36 36
PF02424 14 1 58 451 230 1 11 13 13 13
PF05839 7 2 2 104 72 7 7 7 7 7
PF14921 7 3 97 108 407 1 5 7 7 7
PF10351 8 1 2234 2699 0 3 7 7 8 8
PF06079 5 1 72 170 274 3 3 4 4 5
PF04602 17 1 417 447 663 1 7 11 11 11
PF14896 17 1 734 805 300 1 10 11 11 11
PF01951 40 3 23 122 102 1 19 24 31 35
PF03308 18 4 10 1272 58 1 13 16 16 16
PF09003 5 1 288 309 71 1 4 4 4 4
PF11723 2 2 139 143 239 1 2 2 2 2
PF16749 9 1 3055 3833 127 1 5 6 7 9
PF01731 16 1 269 292 85 1 5 9 14 16
PF06556 14 1 94 94 130 1 1 1 1 4
PF13502 2 1 276 1266 0 1 2 2 2 2
PF03115 14 11 330 407 415 1 10 13 13 13
PF12226 9 9 475 514 296 1 2 9 9 9
PF07855 9 1 48 56 162 2 3 3 4 9
PF08614 22 2 44 600 13 1 18 19 19 20
PF11700 40 10 38 737 52 3 32 34 37 38
PF05176 4 1 61 68 205 1 4 4 4 4
PF03899 18 1 34 83 84 3 12 13 13 13
PF06644 6 1 89 158 207 1 5 6 6 6
PF05493 18 2 13 48 36 2 8 9 10 11
PF09041 7 1 638 680 67 1 4 6 6 7
PF09794 9 1 121 584 136 1 5 6 9 9
PF16646 10 1 741 793 71 1 6 7 9 10
PF02137 27 2 172 1226 109 1 17 20 22 26
PF08451 7 2 429 458 66 1 6 6 6 7
PF02216 18 1 243 335 102 1 2 2 4 8
PF10432 9 1 200 268 85 1 9 9 9 9
PF04735 2 2 13 16 1207 1 2 2 2 2
PF07206 2 1 9 17 63 2 2 2 2 2
PF06385 10 1 13 119 78 1 7 7 9 9
PF05847 2 2 24 41 349 2 2 2 2 2
PF04838 3 1 92 109 157 1 3 3 3 3
PF11792 3 1 208 258 10 1 3 3 3 3
PF05112 2 1 94 96 303 1 1 2 2 2
PF06861 3 1 41 86 134 2 2 2 2 2
PF00967 12 1 18 204 82 2 5 9 10 10
PF07001 9 1 1290 2737 187 1 4 7 7 9
PF05700 9 1 20 145 162 2 7 7 7 8
PF07284 2 1 23 35 136 1 2 2 2 2
PF06595 2 1 1 1 200 2 2 2 2 2
PF05687 13 1 147 593 96 1 11 12 12 12
PF04538 45 1 36 196 53 1 11 20 27 36
PF02369 8 2 207 2660 0 1 6 8 8 8
PF01722 42 1 7 371 27 2 32 35 37 38
PF00228 43 3 17 254 11 1 20 30 30 32
PF06713 3 1 71 116 34 1 2 2 2 2
PF10756 8 1 42 116 70 1 2 2 2 2
PF13882 19 1 200 1369 0 1 11 14 16 18
PF07741 6 1 441 677 5 1 5 5 6 6
PF12280 10 2 130 140 201 1 4 5 6 9
PF09073 8 1 102 535 0 1 6 7 7 8
PF03181 34 4 181 690 0 1 23 28 29 30
PF13117 2 1 173 173 107 1 1 1 1 2
PF03135 16 1 454 778 213 1 6 8 8 9
PF03524 14 1 99 150 174 1 6 8 8 9
PF04847 22 1 33 282 79 1 7 9 12 15
PF02029 6 1 69 606 27 1 3 3 5 6
PF15255 10 2 267 1341 0 1 5 7 7 8
PF16593 5 1 1302 1377 32 1 4 4 4 4
PF16595 5 1 1090 1215 194 1 4 4 4 5
PF16592 6 1 808 879 530 2 5 5 5 5
PF09704 6 1 107 167 103 1 6 6 6 6
PF01881 8 1 114 154 128 1 8 8 8 8
PF08773 9 1 320 570 101 1 3 6 7 9
PF03123 27 1 222 239 56 1 12 12 12 12
PF08931 2 1 1 1 263 2 2 2 2 2
PF01693 22 1 154 964 86 1 12 13 14 22
PF02553 33 5 26 48 64 1 10 10 17 18
PF01903 25 1 25 264 95 1 17 17 17 20
PF14683 22 2 433 1041 65 1 8 16 16 19
PF06452 6 1 947 1462 140 1 5 6 6 6
PF03424 4 1 360 941 0 1 4 4 4 4
PF00553 28 1 105 1090 0 1 23 24 25 26
PF03423 3 1 533 1290 42 1 2 3 3 3
PF16990 6 1 452 1032 116 1 4 5 5 6
PF07960 31 6 21 97 59 2 19 26 26 27
PF11105 3 2 22 78 93 1 3 3 3 3
PF08564 13 1 263 508 0 1 8 10 10 12
PF03234 12 1 268 382 98 1 7 9 9 11
PF03599 20 2 82 322 145 1 11 14 15 15
PF15627 6 3 501 510 152 1 2 3 3 5
PF03879 25 1 12 426 75 1 4 12 19 20
PF05257 47 1 211 698 0 1 14 16 16 18
PF03924 11 2 686 2150 0 1 10 10 10 10
PF01739 29 3 189 952 58 1 23 25 27 28
PF03705 24 3 206 907 51 1 18 20 23 23
PF05941 4 1 95 95 331 1 1 1 1 2
PF01723 34 1 13 178 23 1 7 13 18 30
PF01393 11 1 139 380 16 1 7 7 7 8
PF07347 6 1 17 18 96 1 1 3 3 3
PF03600 35 4 88 923 246 1 27 31 31 31
PF08218 4 1 158 183 170 1 4 4 4 4
PF01086 18 3 95 363 115 1 11 12 14 15
PF13903 33 1 54 248 158 1 14 21 24 26
PF08434 11 2 33 723 228 1 6 10 11 11
PF03515 7 1 204 390 281 1 4 5 7 7
PF12503 13 1 880 921 85 1 7 8 8 12
PF07736 2 2 6 11 116 2 2 2 2 2
PF01122 12 1 102 492 298 1 7 10 11 12
PF16422 17 1 285 379 226 1 6 7 9 13
PF16423 17 1 448 559 43 1 5 7 8 12
PF06419 34 6 192 575 313 1 27 30 31 32
PF10345 21 16 169 273 381 1 7 11 13 16
PF01024 11 2 24 626 0 1 6 9 10 10
PF01320 8 1 10 23 64 2 3 4 5 6
PF01114 14 2 1 110 13 3 6 12 12 14
PF02740 12 2 63 84 38 1 5 10 11 12
PF03508 14 5 360 364 19 1 1 3 4 8
PF08507 5 1 23 135 115 4 5 5 5 5
PF08511 12 4 184 326 3 1 7 10 11 12
PF16095 16 1 997 3184 0 2 14 16 16 16
PF17308 11 9 76 153 48 1 8 9 10 11
PF03311 31 3 13 43 119 6 10 14 16 18
PF02936 30 2 16 263 0 1 12 15 21 26
PF03626 28 1 16 65 59 4 12 13 13 14
PF02284 27 3 63 174 0 1 7 7 9 17
PF05392 7 1 2 3 78 7 7 7 7 7
PF02935 17 1 3 62 18 2 4 8 9 13
PF06481 8 1 255 297 31 1 7 7 7 7
PF01383 34 1 19 408 47 1 21 30 31 31
PF07823 11 4 55 112 135 3 11 11 11 11
PF09367 21 2 62 133 105 1 20 21 21 21
PF06206 23 2 14 145 165 2 21 23 23 23
PF11718 22 1 52 884 0 1 18 19 19 19
PF07254 2 1 7 12 131 2 2 2 2 2
PF16566 11 1 181 1448 87 1 4 6 7 7
PF01985 27 2 96 1011 0 1 22 24 24 24
PF06023 2 1 5 18 273 2 2 2 2 2
PF02554 9 4 98 501 323 1 7 7 7 8
PF13722 9 4 38 758 0 1 7 7 7 8
PF15489 4 1 125 135 1080 2 3 3 3 3
PF04818 26 1 207 1502 0 1 16 19 20 23
PF10482 8 2 534 778 119 1 7 8 8 8
PF13473 21 1 70 652 0 1 8 9 9 9
PF08881 4 1 6 73 69 4 4 4 4 4
PF04889 18 9 69 152 113 1 11 11 12 14
PF10814 4 1 15 24 121 1 2 2 2 2
PF01928 17 1 68 492 81 1 12 15 16 16
PF14522 2 1 658 658 86 1 1 1 1 1
PF03188 48 3 114 907 108 1 25 35 39 46
PF03264 15 2 44 257 122 1 11 11 11 12
PF02276 6 2 75 306 281 1 5 6 6 6
PF09265 21 1 264 427 169 1 19 20 20 20
PF09000 3 1 468 489 83 1 2 2 2 2
PF01265 12 1 57 316 167 1 9 11 11 11
PF14031 8 1 41 428 0 1 6 6 6 6
PF05454 6 1 594 630 265 1 1 1 5 6
PF03982 36 1 52 704 139 1 28 31 35 35
PF07213 7 1 1 25 77 7 7 7 7 7
PF08655 6 1 119 244 63 1 5 5 5 5
PF08649 6 2 34 61 54 4 6 6 6 6
PF08650 6 2 2 6 70 6 6 6 6 6
PF08651 5 1 123 210 67 1 5 5 5 5
PF08227 5 1 23 403 46 4 4 5 5 5
PF08147 37 8 762 1154 0 1 27 33 34 34
PF03880 16 5 197 643 0 1 8 11 12 12
PF06808 15 2 12 616 192 2 13 13 13 14
PF04290 13 2 41 541 116 2 11 11 11 11
PF03606 10 2 84 273 195 1 7 7 7 7
PF03345 18 3 46 131 340 1 6 8 12 14
PF09756 26 2 164 257 98 1 18 23 23 25
PF08494 4 2 658 1406 183 1 4 4 4 4
PF01335 23 1 65 480 43 1 12 16 16 18
PF01548 14 1 178 274 157 1 12 13 13 13
PF08131 4 3 3 59 7 2 4 4 4 4
PF08181 4 1 2 2 44 4 4 4 4 4
PF04127 25 1 149 418 0 1 17 20 20 20
PF02966 10 1 15 43 117 2 4 7 8 9
PF05163 5 1 21 40 133 4 5 5 5 5
PF12867 30 2 34 328 101 1 15 18 18 18
PF12413 20 1 29 331 26 1 1 4 12 19
PF09115 8 4 227 263 98 1 8 8 8 8
PF08452 6 1 967 986 21 1 3 3 3 4
PF12169 13 4 257 1218 0 1 10 10 11 11
PF12168 2 1 561 562 81 1 1 1 2 2
PF12170 3 2 505 597 136 1 2 2 3 3
PF08408 7 1 821 881 125 1 4 4 4 5
PF02916 2 1 120 120 108 1 2 2 2 2
PF02481 8 1 124 240 158 2 7 7 7 7
PF01712 36 4 40 334 154 2 25 27 32 35
PF04244 2 1 21 331 176 2 2 2 2 2
PF10034 15 1 242 865 0 1 6 10 13 14
PF01323 39 3 70 186 31 1 23 27 28 28
PF08148 16 1 823 1347 69 1 13 14 14 15
PF06342 10 1 86 244 116 1 5 6 6 8
PF06417 10 1 68 88 112 2 6 6 6 8
PF06448 7 1 2479 4632 113 4 6 7 7 7
PF06454 5 2 23 52 260 1 2 5 5 5
PF06544 14 1 223 786 0 1 5 7 9 10
PF06736 8 2 108 431 89 1 7 7 8 8
PF07081 3 1 35 536 0 2 3 3 3 3
PF02582 8 1 242 662 140 1 6 7 7 8
PF07853 3 1 45 160 46 3 3 3 3 3
PF02593 3 1 34 88 172 2 3 3 3 3
PF07956 3 1 33 85 124 2 3 3 3 3
PF08217 18 4 111 363 334 1 10 11 14 17
PF08331 31 12 215 345 82 1 28 28 29 29
PF08338 25 1 264 347 30 1 12 14 14 14
PF08489 23 1 300 508 0 1 22 23 23 23
PF08983 10 1 394 424 19 1 3 7 9 9
PF08962 6 1 14 15 79 2 2 2 2 2
PF08940 5 1 23 31 57 2 2 2 2 2
PF09260 15 2 428 774 0 1 11 11 11 11
PF09369 4 1 30 1077 0 2 4 4 4 4
PF02720 21 3 55 535 53 1 6 7 7 10
PF09995 5 1 71 351 56 1 3 3 3 3
PF10011 3 1 152 152 369 1 1 1 1 1
PF10154 4 1 49 49 503 1 1 2 3 4
PF09722 5 1 76 312 37 2 3 3 3 3
PF10698 3 1 10 10 164 1 1 1 1 1
PF10813 6 1 28 60 30 5 5 5 5 5
PF10914 17 2 48 378 111 1 8 10 14 16
PF11241 4 1 44 56 180 1 2 2 2 2
PF11339 5 1 137 422 200 1 5 5 5 5
PF11738 5 1 167 415 18 2 3 3 3 3
PF11816 27 3 613 1172 0 1 9 10 12 18
PF11818 3 2 551 560 131 1 2 2 3 3
PF11823 3 1 52 197 10 1 3 3 3 3
PF11837 11 1 480 583 102 1 7 9 10 11
PF11844 12 1 301 468 55 1 11 12 12 12
PF11862 3 1 315 328 102 1 2 2 2 3
PF11865 12 1 2179 2523 159 1 10 10 10 10
PF11898 2 1 718 728 582 1 2 2 2 2
PF11960 30 2 309 362 61 1 19 26 29 29
PF11963 23 2 159 6853 354 1 3 3 3 6
PF12014 4 2 528 727 0 1 4 4 4 4
PF12117 10 1 293 672 0 1 1 3 5 7
PF12157 12 2 688 2310 74 1 9 9 11 12
PF12239 2 1 45 112 153 2 2 2 2 2
PF12372 4 1 3070 3108 40 1 2 2 3 4
PF12558 24 1 492 508 71 1 12 14 15 17
PF13660 14 2 184 272 213 1 11 12 13 14
PF04224 3 1 17 41 175 2 3 3 3 3
PF13775 3 2 436 476 118 1 2 3 3 3
PF01861 5 1 113 337 84 1 5 5 5 5
PF14377 11 2 1249 4377 0 1 8 9 10 11
PF14478 9 1 395 426 22 1 6 8 8 9
PF04287 3 1 10 293 96 3 3 3 3 3
PF14739 3 1 325 453 106 1 3 3 3 3
PF14988 7 2 73 356 177 2 4 5 5 6
PF16332 3 1 617 789 155 1 2 2 3 3
PF04522 3 1 573 594 235 1 3 3 3 3
PF05667 16 3 128 207 421 1 8 13 13 15
PF05915 9 1 16 135 60 2 3 4 5 6
PF01937 21 3 69 904 232 1 14 15 18 19
PF06012 8 2 2952 4100 277 1 6 6 7 8
PF06025 8 2 2982 3993 384 1 6 6 7 8
PF06110 11 1 26 344 89 3 7 9 10 10
PF06155 15 1 304 532 80 1 7 10 13 14
PF05424 5 1 928 1166 142 1 3 4 5 5
PF04261 18 2 42 467 201 1 7 7 7 9
PF09816 19 10 153 451 96 1 9 14 16 18
PF04157 21 1 21 611 0 1 11 15 16 20
PF11556 5 1 1070 1435 0 1 4 5 5 5
PF05241 9 1 45 93 142 1 6 8 8 8
PF05009 9 1 678 805 259 1 5 7 7 9
PF12822 14 3 40 164 126 1 11 13 13 13
PF12454 2 1 350 358 37 1 2 2 2 2
PF06239 9 3 201 232 196 1 6 8 9 9
PF14784 9 3 283 363 116 1 6 7 9 9
PF09279 48 1 504 2302 91 1 23 31 38 47
PF00647 25 4 293 378 73 1 13 15 17 22
PF10153 32 7 70 312 118 1 20 25 27 27
PF03609 9 1 11 152 127 3 6 6 6 6
PF07663 3 2 231 265 74 1 3 3 3 3
PF03612 3 2 152 154 167 1 2 3 3 3
PF03613 7 1 11 44 250 2 5 5 6 6
PF01448 42 2 328 1566 0 1 20 25 30 39
PF04727 29 1 240 1677 0 1 14 17 20 25
PF09807 9 2 53 304 34 1 6 8 9 9
PF12761 30 1 269 329 79 1 17 24 26 27
PF04231 11 1 73 182 137 1 11 11 11 11
PF08951 8 1 18 65 48 3 7 7 7 7
PF00811 19 1 74 197 115 1 7 11 16 18
PF03736 19 2 380 6306 129 1 6 11 11 13
PF08135 4 1 1 10 36 3 3 3 3 3
PF07749 14 3 187 371 0 1 9 12 14 14
PF04806 4 4 91 132 246 1 1 1 1 1
PF10183 7 4 35 36 118 1 2 4 4 6
PF04716 14 5 11 268 24 1 5 6 9 10
PF05187 24 2 25 633 0 1 13 18 19 22
PF06751 3 1 21 21 432 1 1 1 1 1
PF02472 33 2 21 190 109 2 16 18 18 19
PF05901 3 1 55 296 14 1 3 3 3 3
PF03081 22 1 374 825 139 1 19 21 21 22
PF06752 6 1 592 631 212 1 2 3 4 6
PF04075 9 4 13 56 101 2 4 4 4 4
PF01996 30 1 79 322 175 1 19 22 22 23
PF14799 10 1 14 135 80 2 3 7 8 8
PF15396 4 1 26 27 195 1 2 2 3 3
PF06730 9 2 70 165 190 1 6 9 9 9
PF04900 13 1 48 200 60 1 8 9 10 11
PF10862 3 1 33 33 150 1 1 1 1 1
PF02388 39 1 46 118 303 1 4 6 9 9
PF12837 2 1 37 429 23 1 2 2 2 2
PF08165 9 1 1865 2044 64 2 6 6 9 9
PF08150 16 1 1724 2034 75 1 10 11 14 16
PF08151 13 1 1744 2057 50 1 7 8 11 13
PF16165 16 1 1794 2107 0 1 10 11 14 16
PF08609 27 6 125 296 94 1 18 22 23 24
PF02941 4 4 7 174 0 3 4 4 4 4
PF02256 30 13 83 585 0 1 15 20 24 27
PF03781 19 2 179 876 0 1 10 16 17 17
PF13784 2 1 288 293 81 1 2 2 2 2
PF15495 8 3 363 563 8 1 5 5 5 6
PF07559 16 2 292 718 133 1 10 11 12 12
PF12724 6 2 56 76 84 2 3 4 4 4
PF06490 2 1 93 348 112 2 2 2 2 2
PF03963 7 2 18 236 29 1 2 4 4 4
PF13861 5 1 91 111 135 1 2 4 4 4
PF02120 9 1 181 487 0 1 8 8 8 8
PF05280 24 1 9 61 171 11 21 21 21 21
PF02154 12 4 132 182 173 1 9 10 12 12
PF00813 30 1 13 360 19 1 20 24 26 26
PF10347 8 1 2103 2543 96 3 7 7 8 8
PF14686 22 2 426 971 73 1 8 16 16 18
PF03024 21 1 138 710 79 1 15 20 20 21
PF09398 9 1 105 319 70 1 5 7 8 9
PF08771 12 1 2237 2675 98 1 10 10 10 10
PF04432 14 1 124 552 119 1 13 14 14 14
PF04422 14 1 199 562 77 1 13 14 14 14
PF03239 18 3 59 304 185 1 7 8 8 8
PF14450 32 4 173 442 40 1 16 19 20 20
PF05933 19 8 2 8 46 19 19 19 19 19
PF13040 4 1 3 37 38 2 3 3 3 3
PF07078 12 4 127 239 136 1 7 8 10 12
PF01125 13 3 2 56 101 2 6 6 7 10
PF01296 19 1 4 124 0 7 13 13 14 14
PF04410 34 4 15 564 0 1 15 26 29 32
PF04598 18 1 114 268 240 1 11 14 18 18
PF13230 5 1 43 200 147 1 5 5 5 5
PF14801 5 1 210 388 45 1 3 3 3 3
PF07842 27 7 597 919 86 1 12 14 16 22
PF03074 11 1 356 473 255 1 9 9 10 10
PF06202 5 1 1169 1211 344 1 2 2 5 5
PF01407 21 2 13 23 114 2 12 14 17 17
PF00845 12 1 20 34 263 2 9 10 10 10
PF10676 13 2 9 28 62 5 10 10 10 10
PF08690 20 1 92 188 173 1 16 17 17 17
PF14509 3 1 613 738 0 3 3 3 3 3
PF14508 3 1 393 451 269 1 3 3 3 3
PF07221 16 2 128 777 241 1 9 13 15 15
PF08718 31 2 67 549 134 1 14 18 21 27
PF03157 6 1 3 848 36 2 3 4 4 5
PF05693 16 3 102 317 584 1 8 10 13 14
PF00606 46 1 590 860 218 1 24 27 28 30
PF17416 46 1 598 768 210 1 24 26 28 30
PF17417 46 1 714 883 94 1 24 26 28 30
PF04413 19 1 207 467 146 1 11 14 15 15
PF17167 7 2 440 2832 360 2 6 7 7 7
PF17387 9 4 546 570 115 1 5 6 8 9
PF02057 9 4 362 386 298 2 6 7 8 9
PF03633 15 2 753 1327 0 1 12 12 13 13
PF03632 25 4 451 1327 205 2 22 22 23 23
PF03636 20 4 497 1261 231 1 16 17 18 18
PF03662 12 1 206 371 215 1 9 10 11 12
PF03639 6 1 58 921 603 1 6 6 6 6
PF10566 3 1 387 503 255 3 3 3 3 3
PF14498 4 1 482 588 257 1 4 4 4 4
PF06165 6 2 554 2832 246 3 5 6 6 6
PF09258 25 1 146 972 0 1 14 17 17 20
PF08437 4 2 283 290 51 1 4 4 4 4
PF01075 12 5 169 397 149 1 10 11 11 12
PF13477 3 1 234 312 124 2 3 3 3 3
PF13669 12 2 23 338 58 2 10 11 12 12
PF01153 22 1 64 181 479 1 16 17 18 20
PF06540 8 1 29 124 0 1 2 7 8 8
PF02447 19 1 72 488 0 1 12 14 14 14
PF08804 19 1 28 284 17 1 1 1 1 3
PF12604 3 1 415 1243 0 1 3 3 3 3
PF09116 3 1 120 125 103 1 2 3 3 3
PF10342 9 1 127 260 86 1 9 9 9 9
PF15784 7 1 44 2525 0 1 3 6 7 7
PF00396 17 3 18 593 28 1 14 17 17 17
PF04229 13 1 33 410 124 1 11 11 11 11
PF03199 12 1 373 447 97 1 7 8 10 12
PF03917 12 1 28 180 437 1 7 8 11 12
PF03738 10 1 42 648 71 1 7 7 7 7
PF09594 9 3 180 200 234 1 6 6 6 6
PF04774 23 1 225 530 0 1 9 10 10 10
PF02184 19 4 615 787 61 1 13 14 15 16
PF07111 7 1 23 382 400 1 2 3 3 3
PF12203 13 2 493 1025 89 1 5 6 9 12
PF14701 5 1 1102 1125 430 1 2 2 4 5
PF01517 34 1 2 22 192 18 20 20 20 23
PF16889 3 1 312 347 342 1 3 3 3 3
PF07307 2 2 40 76 180 2 2 2 2 2
PF04793 6 1 53 66 244 2 4 4 4 4
PF04929 7 2 38 81 337 1 3 3 3 3
PF17488 35 1 686 855 0 3 21 22 23 24
PF02489 35 1 686 855 0 1 18 21 23 24
PF02689 24 4 441 992 304 1 18 20 20 20
PF05774 4 1 60 706 83 2 4 4 4 4
PF03324 18 3 377 842 70 1 12 14 14 15
PF07415 3 1 1 2 495 3 3 3 3 3
PF04797 16 1 152 417 110 1 11 11 11 12
PF03325 6 1 199 226 167 1 3 3 4 5
PF04637 6 2 184 407 249 1 3 4 4 4
PF04843 23 1 1886 3581 173 1 15 16 17 18
PF01499 22 1 85 345 291 1 15 16 16 17
PF03581 13 1 16 162 24 3 10 10 11 12
PF03586 7 1 2515 3172 249 2 6 6 6 6
PF03970 6 1 758 843 263 2 4 5 5 5
PF03362 12 1 267 819 59 2 8 9 10 10
PF03121 34 4 523 1293 0 1 23 25 25 29
PF07982 2 1 54 55 412 1 2 2 2 2
PF06072 12 1 56 220 12 1 9 9 9 9
PF12221 4 1 340 361 58 1 2 3 3 3
PF14702 5 1 1255 1293 277 1 2 2 4 5
PF14699 5 1 1447 1470 85 1 2 2 5 5
PF08797 23 1 786 1250 105 1 20 21 22 22
PF00713 18 1 3 84 14 2 5 8 10 17
PF06109 6 1 93 303 0 1 1 1 3 4
PF14887 5 2 593 681 84 1 2 2 3 5
PF04813 7 1 553 634 6 1 4 4 5 6
PF13395 11 1 930 1409 0 1 9 9 9 9
PF12196 7 2 233 305 36 1 7 7 7 7
PF11627 7 2 283 359 37 1 1 1 1 2
PF11569 13 3 507 956 0 1 4 6 8 9
PF12284 21 2 165 311 77 1 11 12 16 21
PF12296 3 1 159 284 114 1 3 3 3 3
PF08279 26 1 131 669 20 1 18 21 22 23
PF08461 12 1 49 794 36 1 7 11 11 11
PF12728 21 1 14 420 42 3 15 19 19 19
PF14493 6 1 331 1436 0 1 6 6 6 6
PF13404 18 3 96 281 40 2 13 15 16 16
PF09339 32 5 201 424 50 1 17 21 23 24
PF05393 3 1 4 9 89 2 2 2 2 2
PF09749 11 1 64 233 171 1 10 11 11 11
PF01638 18 2 31 98 59 2 15 15 15 15
PF03030 47 1 141 802 0 1 26 32 40 43
PF11924 10 2 174 2607 76 1 8 10 10 10
PF03620 6 1 3 20 90 2 2 5 5 5
PF01614 31 5 137 243 92 1 18 18 22 23
PF15711 26 1 109 1383 14 1 12 14 16 20
PF13734 8 1 303 771 95 1 2 2 2 2
PF07979 7 2 203 985 0 1 5 7 7 7
PF04979 12 1 120 251 82 1 2 7 11 12
PF02121 24 1 16 1102 247 3 11 13 15 18
PF14901 6 1 699 3988 0 1 2 2 2 5
PF03957 20 2 104 172 208 1 4 5 6 9
PF17054 15 10 89 288 39 1 3 9 10 13
PF12309 9 1 284 354 288 2 6 7 8 9
PF11834 20 8 278 935 0 1 18 19 19 19
PF13184 26 5 78 540 0 1 15 17 19 20
PF09762 7 1 431 467 178 1 4 4 6 7
PF07941 5 1 581 588 73 1 1 1 1 4
PF05047 23 4 44 168 50 1 10 15 18 21
PF07578 7 1 465 488 139 1 5 6 6 6
PF13691 12 3 609 886 69 1 7 8 10 10
PF16661 39 1 268 696 152 1 23 26 29 35
PF09508 4 2 284 324 433 1 4 4 4 4
PF14867 3 3 28 61 13 2 2 2 2 2
PF17386 4 2 689 746 35 1 4 4 4 4
PF17385 4 2 500 512 218 1 4 4 4 4
PF07216 2 1 5 5 90 2 2 2 2 2
PF08252 2 1 2 3 22 2 2 2 2 2
PF05098 2 1 13 21 444 2 2 2 2 2
PF04941 3 1 132 149 760 1 2 3 3 3
PF05094 2 1 6 56 460 2 2 2 2 2
PF07858 2 1 31 39 110 2 2 2 2 2
PF04991 12 1 172 1178 0 1 8 9 11 12
PF12262 2 1 460 528 224 1 2 2 2 2
PF03280 27 1 109 245 118 1 12 13 17 21
PF00820 12 1 27 68 227 1 2 2 3 7
PF03279 12 2 26 51 273 2 7 8 8 8
PF06762 10 1 265 334 296 2 7 8 10 10
PF13036 23 2 47 141 80 1 17 20 20 20
PF14368 13 1 7 157 51 3 12 12 12 13
PF03194 12 1 41 209 223 1 5 7 8 8
PF05893 7 1 85 96 391 1 5 6 7 7
PF04443 4 1 3 276 105 2 4 4 4 4
PF02884 9 1 700 1066 0 4 8 8 8 9
PF08124 9 1 398 873 157 1 8 8 9 9
PF03816 23 1 160 258 156 1 11 13 13 13
PF09174 13 2 54 268 107 1 8 9 11 12
PF14437 27 1 20 1307 117 1 14 18 18 19
PF11721 18 1 116 1181 0 1 12 15 17 18
PF12819 48 1 237 674 257 1 43 47 48 48
PF14785 13 1 354 367 160 1 2 6 6 8
PF04188 20 4 79 489 270 1 18 19 19 19
PF12802 20 1 88 204 27 1 9 9 9 9
PF04014 20 1 26 154 25 1 15 15 15 16
PF08523 25 1 72 84 74 1 12 16 20 22
PF02289 38 1 11 255 119 1 16 27 29 33
PF09332 6 1 564 740 145 1 5 6 6 6
PF11382 4 1 4 4 310 4 4 4 4 4
PF15501 6 1 148 186 545 1 4 5 5 6
PF08118 8 1 225 386 279 1 7 7 7 7
PF12144 7 1 1821 2118 74 1 3 3 3 5
PF12145 11 2 1556 3874 471 1 7 7 8 9
PF11597 9 1 1115 2502 371 2 7 7 9 9
PF09606 9 1 301 365 443 1 8 8 9 9
PF11635 17 3 306 743 328 1 12 15 15 16
PF09637 28 6 67 212 140 1 20 24 25 28
PF10278 9 1 45 213 111 1 6 8 9 9
PF08612 23 4 53 112 140 1 20 20 20 22
PF15693 5 1 444 469 131 1 3 4 5 5
PF15694 5 1 359 361 240 1 3 3 5 5
PF11594 9 1 106 127 63 1 3 7 8 9
PF11315 8 1 48 325 0 1 3 5 7 7
PF10018 27 7 123 419 87 1 19 22 23 25
PF08689 16 4 363 1237 620 1 15 15 15 16
PF05983 39 1 19 234 137 2 25 32 33 35
PF07544 10 1 64 132 47 1 6 8 10 10
PF10376 8 1 90 297 71 1 7 8 8 8
PF09278 30 1 65 219 64 1 20 21 21 24
PF16934 2 2 28 31 41 1 1 1 1 1
PF13679 25 1 164 634 0 1 11 16 17 21
PF03492 36 1 107 179 241 1 22 26 30 33
PF14314 29 25 1436 1529 628 1 10 12 16 23
PF04452 21 5 55 220 135 1 14 16 16 17
PF04013 42 2 83 273 109 1 26 33 35 38
PF07109 3 1 135 307 5 1 3 3 3 3
PF02308 15 1 55 118 127 3 6 7 7 9
PF01769 14 1 359 573 0 1 7 10 11 12
PF03448 4 1 163 350 103 2 4 4 4 4
PF03707 4 2 509 694 169 1 4 4 4 4
PF16796 6 1 594 1001 0 1 6 6 6 6
PF10265 10 2 60 213 465 1 8 8 9 10
PF05153 13 1 38 114 231 1 9 10 12 13
PF05859 9 1 74 156 132 2 5 7 8 8
PF14972 9 2 25 51 150 2 4 7 8 9
PF11709 5 1 126 216 99 2 5 5 5 5
PF03094 20 1 63 441 185 1 17 18 19 19
PF03562 5 1 189 214 154 1 4 4 4 4
PF09139 11 2 63 236 258 1 8 10 11 11
PF05067 5 2 6 91 187 3 5 5 5 5
PF05161 14 2 354 523 0 1 10 12 14 14
PF12181 4 1 164 164 142 1 1 1 1 1
PF03476 49 17 207 1007 0 1 37 41 43 48
PF04152 15 1 394 601 167 1 11 12 12 13
PF15325 4 1 60 66 94 1 3 4 4 4
PF09809 11 3 30 165 42 2 8 9 9 11
PF06984 30 6 67 322 0 1 22 28 28 29
PF10244 11 4 37 149 67 1 7 9 9 10
PF10037 9 2 66 211 348 1 7 8 9 9
PF12795 3 1 881 887 225 2 3 3 3 3
PF12794 3 1 771 803 336 1 3 3 3 3
PF14013 2 1 14 14 45 1 1 1 1 1
PF10558 6 1 35 53 114 2 5 6 6 6
PF05405 20 2 27 172 95 1 14 15 18 19
PF05873 11 1 13 35 148 2 7 9 9 9
PF03888 6 1 133 149 171 1 3 4 4 4
PF17188 6 1 227 237 89 1 3 3 4 4
PF04288 23 1 5 36 219 13 19 20 20 21
PF11037 4 1 1 4 129 4 4 4 4 4
PF14942 11 2 23 125 77 1 8 11 11 11
PF11978 18 1 718 765 115 1 11 13 15 17
PF15879 8 4 15 16 50 2 2 2 5 5
PF13873 27 1 200 606 76 1 12 15 18 22
PF10237 16 1 25 516 92 1 11 15 16 16
PF14987 6 3 7 7 77 3 3 3 3 3
PF10589 42 1 417 602 0 1 19 23 26 32
PF14813 8 3 39 136 24 2 4 4 5 8
PF15088 7 4 28 30 47 1 3 4 4 4
PF08040 8 4 1 2 56 8 8 8 8 8
PF07994 27 2 78 132 432 1 10 15 23 25
PF07948 2 1 916 1041 643 1 2 2 2 2
PF03892 12 2 40 96 98 1 11 11 11 11
PF03927 5 1 11 60 52 3 3 3 3 3
PF16974 4 1 50 61 159 1 3 4 4 4
PF10249 8 4 34 60 125 2 3 4 4 7
PF10200 10 5 29 88 30 2 3 5 6 6
PF07225 8 4 8 28 121 3 3 4 4 4
PF08122 8 3 26 91 19 1 4 5 6 6
PF09781 7 4 1 1 188 7 7 7 7 7
PF09782 8 4 1 4 127 8 8 8 8 8
PF05676 9 3 42 88 61 1 4 6 6 6
PF05821 7 4 17 20 169 1 2 3 5 5
PF06374 8 4 13 18 106 1 1 3 4 4
PF10225 11 3 170 203 245 2 7 10 10 10
PF03102 10 2 92 140 242 1 8 9 10 10
PF05536 8 1 248 306 438 1 5 5 5 7
PF06614 11 2 73 118 129 1 1 5 6 10
PF10580 12 2 183 217 30 1 2 7 8 10
PF08153 16 4 356 603 130 1 8 12 14 15
PF02979 9 1 20 496 173 1 9 9 9 9
PF02211 10 1 104 469 0 1 10 10 10 10
PF04319 7 1 26 131 63 2 5 5 6 6
PF02579 21 1 25 525 79 1 20 20 20 20
PF05640 17 3 5 488 174 4 8 10 12 13
PF04981 13 1 21 470 57 2 8 9 9 12
PF04973 6 1 73 226 62 2 4 5 5 5
PF13379 15 3 128 670 0 1 12 13 13 13
PF01234 14 2 56 190 93 1 8 13 13 14
PF09420 38 8 51 114 136 1 25 33 35 37
PF08156 45 6 412 574 64 1 19 24 35 40
PF05048 9 1 354 956 0 1 7 7 8 8
PF08305 3 1 637 1509 122 1 3 3 3 3
PF05021 34 8 280 672 12 1 25 30 30 32
PF14757 7 1 1205 3795 271 1 2 2 3 6
PF14758 4 1 1081 3651 187 1 1 1 2 4
PF09764 23 1 14 80 154 2 9 12 16 19
PF08158 14 2 631 750 51 1 8 10 11 14
PF08163 6 1 3741 3916 383 2 5 6 6 6
PF07267 2 1 42 99 592 1 2 2 2 2
PF04142 44 1 58 218 236 1 23 28 34 38
PF14815 13 1 248 630 0 1 11 12 13 13
PF06516 3 1 38 127 310 2 2 2 2 3
PF14605 2 1 1030 1044 15 1 2 2 2 2
PF08529 24 5 252 423 120 1 14 15 17 18
PF07009 2 1 55 176 89 2 2 2 2 2
PF01936 9 1 152 1742 0 1 6 7 9 9
PF03977 10 1 36 92 338 2 5 6 7 7
PF04277 25 2 15 40 64 2 9 14 14 16
PF16312 6 2 438 1162 75 1 6 6 6 6
PF05005 23 15 17 67 90 1 5 9 10 20
PF03373 4 1 380 432 70 1 1 2 2 2
PF15424 8 2 22 28 251 1 4 5 6 7
PF01276 16 1 97 465 290 1 12 13 14 14
PF03711 16 1 433 755 0 2 11 12 13 14
PF02462 22 17 70 282 0 1 9 16 16 20
PF04966 13 1 188 461 135 1 10 10 10 11
PF03573 6 1 81 146 322 1 5 5 6 6
PF05736 3 1 142 166 178 1 1 3 3 3
PF05460 10 1 128 383 89 1 8 9 9 9
PF04061 22 4 14 161 124 1 4 4 6 9
PF06489 4 1 1 1 161 4 4 4 4 4
PF04756 29 1 27 262 113 1 13 17 19 25
PF10215 24 11 4 29 31 10 15 16 16 16
PF04844 18 1 159 415 0 1 18 18 18 18
PF11651 2 1 20 27 403 2 2 2 2 2
PF11650 2 1 5 11 155 2 2 2 2 2
PF05517 15 2 18 113 147 1 3 7 10 12
PF00864 27 1 127 339 259 1 15 19 23 26
PF04045 13 1 67 182 224 1 9 9 9 9
PF02251 17 2 179 195 59 1 3 3 4 13
PF02252 18 2 97 155 99 1 4 4 7 11
PF14738 4 2 458 862 167 1 2 3 3 4
PF09754 11 3 82 136 160 2 8 11 11 11
PF14000 2 1 7 11 117 2 2 2 2 2
PF03068 15 1 295 339 356 1 9 12 14 15
PF08527 15 1 503 535 158 1 8 10 13 15
PF08526 15 1 550 583 113 1 7 10 12 15
PF10255 49 3 150 451 242 1 17 20 28 36
PF03656 26 6 35 172 78 1 18 22 26 26
PF08566 15 5 42 213 112 1 12 13 14 14
PF14360 33 1 272 600 0 1 16 18 21 30
PF13953 35 4 377 937 5 2 29 29 29 33
PF13954 36 5 213 856 144 3 31 31 31 35
PF01692 13 13 7 65 197 2 3 3 3 3
PF17061 4 1 16 30 280 1 2 3 3 3
PF05874 8 3 18 190 3 1 4 5 7 8
PF02229 14 1 51 269 15 1 9 10 11 12
PF17092 18 1 696 762 101 1 7 9 12 15
PF09341 9 1 10 210 60 5 9 9 9 9
PF01851 27 2 815 1944 97 1 17 19 19 20
PF13190 5 1 41 347 0 2 5 5 5 5
PF03211 25 3 34 97 187 2 15 18 20 20
PF00805 23 1 162 1526 0 2 20 20 21 22
PF00354 48 3 84 3571 0 1 31 39 42 46
PF03418 29 1 15 71 309 1 1 5 5 8
PF01640 8 1 194 675 204 2 2 2 2 2
PF01831 23 2 474 7182 0 1 3 3 3 7
PF07722 23 1 96 614 0 1 18 19 20 20
PF05410 9 1 1164 3857 104 1 3 4 5 9
PF05411 10 1 1143 3835 126 1 4 5 6 10
PF05412 11 1 1198 3900 105 1 5 6 7 10
PF03568 8 1 1262 2715 0 1 8 8 8 8
PF10275 10 1 19 1043 176 1 7 7 7 8
PF01707 25 1 2212 2401 201 1 10 15 15 22
PF11962 4 1 616 720 140 1 3 3 3 4
PF13539 4 1 89 250 52 1 4 4 4 4
PF02074 4 4 11 39 490 3 4 4 4 4
PF08439 10 1 523 601 60 1 7 8 8 9
PF05572 27 1 208 1791 22 1 20 23 24 24
PF16491 9 2 241 291 184 1 7 8 9 9
PF07998 28 2 43 360 0 1 15 19 20 23
PF05547 4 1 107 1433 0 1 3 3 3 3
PF09375 27 3 69 278 124 1 6 7 7 8
PF01752 5 1 523 776 328 1 4 5 5 5
PF08453 5 1 627 924 179 1 5 5 5 5
PF05579 9 1 2869 3664 297 1 5 6 7 9
PF02016 13 1 61 114 217 1 10 11 11 13
PF03419 4 1 35 183 126 2 4 4 4 4
PF04080 10 3 70 127 246 1 6 9 10 10
PF00532 25 1 125 332 15 1 15 15 15 15
PF12827 7 1 90 158 74 1 7 7 7 7
PF02917 4 1 80 369 189 1 2 2 2 4
PF10203 9 1 25 49 49 3 4 6 7 7
PF08610 10 2 63 148 265 1 5 7 9 10
PF07163 3 1 6 6 299 2 2 2 2 2
PF12484 41 1 346 468 0 1 20 21 21 21
PF09070 6 1 607 687 109 1 4 4 5 6
PF15864 2 2 526 543 22 1 2 2 2 2
PF07167 12 1 323 464 55 2 11 11 11 12
PF16790 2 1 51 51 136 1 2 2 2 2
PF05352 4 1 70 86 237 2 3 3 4 4
PF05144 5 3 114 147 274 1 3 3 3 3
PF02303 6 3 6 17 80 3 3 3 3 3
PF17549 3 1 17 38 136 1 1 2 3 3
PF06810 3 1 42 81 133 1 2 2 3 3
PF05840 16 1 230 739 264 1 8 9 10 14
PF04971 4 1 4 4 67 4 4 4 4 4
PF05106 4 1 12 29 85 3 4 4 4 4
PF05105 14 1 43 103 76 1 11 12 13 14
PF16081 2 1 11 22 120 2 2 2 2 2
PF06992 3 1 7 162 71 1 2 2 2 2
PF07471 5 1 18 26 163 2 2 2 2 2
PF04492 3 1 177 240 94 1 3 3 3 3
PF06894 4 2 15 155 124 1 1 2 3 3
PF05100 2 1 36 50 201 2 2 2 2 2
PF06223 2 1 151 180 99 1 2 2 2 2
PF05155 6 3 295 421 0 2 4 4 4 4
PF09246 5 4 890 892 107 1 1 1 1 3
PF09712 6 2 99 200 77 1 5 5 5 6
PF07227 10 2 390 1162 123 1 10 10 10 10
PF05464 4 1 1 1 124 4 4 4 4 4
PF17427 4 1 3 4 121 4 4 4 4 4
PF06720 3 1 1 1 129 3 3 3 3 3
PF02114 26 2 93 304 151 1 11 15 23 25
PF00343 48 4 356 729 366 1 23 29 33 39
PF13263 4 2 230 387 0 1 4 4 4 4
PF11131 2 1 3 4 36 2 2 2 2 2
PF07124 6 4 2 9 418 5 6 6 6 6
PF03284 7 4 10 14 152 6 6 6 6 6
PF02567 30 1 80 216 106 1 19 23 25 28
PF15159 5 1 23 37 48 1 2 4 4 5
PF06324 13 1 1 102 0 4 10 12 13 13
PF04987 16 4 550 743 371 1 13 15 16 16
PF11522 4 2 801 1017 48 1 4 4 4 4
PF13638 20 1 363 1477 0 1 15 16 19 20
PF02678 27 1 118 231 79 1 19 20 20 23
PF05726 15 1 192 301 69 1 13 13 13 15
PF02827 14 1 5 44 68 5 7 7 7 7
PF04749 40 2 51 666 60 1 31 37 39 40
PF12357 21 1 737 1083 0 1 10 16 20 21
PF01523 20 1 143 190 299 1 16 17 17 17
PF13231 7 4 274 558 158 1 7 7 7 7
PF02478 10 1 66 181 161 1 4 9 10 10
PF08645 41 3 42 694 124 1 22 27 29 31
PF12111 2 1 911 1061 24 1 2 2 2 2
PF02233 10 1 15 1086 0 2 4 4 5 6
PF05894 3 1 2 12 320 2 2 2 2 2
PF10604 28 1 60 257 7 1 20 21 21 21
PF16686 5 1 420 635 135 1 4 4 4 4
PF04745 4 1 1 1 287 4 4 4 4 4
PF03336 8 1 29 142 287 2 3 3 5 7
PF04497 8 1 140 349 523 1 4 4 5 5
PF04656 4 1 1 5 566 4 4 4 4 4
PF03337 7 1 52 118 512 2 2 2 3 5
PF04661 3 1 16 16 253 1 1 1 1 1
PF05718 10 1 3 3 379 10 10 10 10 10
PF03294 5 1 5 8 790 5 5 5 5 5
PF05273 6 1 3 4 182 6 6 6 6 6
PF03295 5 1 88 93 62 1 2 2 2 2
PF03355 5 1 1 1 259 5 5 5 5 5
PF04947 17 1 110 431 114 1 7 10 10 10
PF01326 46 2 39 1475 23 1 30 36 40 44
PF15740 3 1 348 358 757 2 3 3 3 3
PF09184 15 1 111 435 177 1 10 14 14 15
PF17177 27 1 254 1440 0 8 26 27 27 27
PF03012 23 1 12 20 285 2 6 6 11 11
PF03208 42 2 42 241 48 1 25 27 31 39
PF09372 35 1 10 747 0 1 27 28 31 32
PF00874 36 1 58 935 0 1 20 20 20 20
PF06875 4 1 37 81 144 1 3 3 3 4
PF06607 35 1 2 350 22 2 13 15 21 30
PF02244 42 1 336 592 61 1 15 30 32 39
PF08374 10 4 904 1176 193 1 4 5 6 6
PF00484 40 1 76 347 97 1 24 29 30 31
PF08572 8 1 220 786 91 2 4 4 4 5
PF09785 8 1 384 440 103 1 4 5 6 7
PF07123 5 1 1 118 0 2 5 5 5 5
PF07704 12 2 19 37 52 2 4 5 7 7
PF04012 15 2 15 194 147 3 7 10 10 10
PF04886 15 1 670 1035 35 1 6 14 15 15
PF03829 2 1 12 12 111 1 1 1 1 1
PF09409 15 2 389 1001 76 1 9 13 14 15
PF07905 2 1 356 412 114 1 2 2 2 2
PF08324 6 1 508 664 205 1 4 4 4 6
PF12433 10 1 512 591 81 1 4 4 6 8
PF06958 4 1 441 697 0 1 4 4 4 4
PF06321 16 4 149 325 174 1 9 10 11 12
PF15884 6 1 21 30 92 2 3 5 5 5
PF17064 12 11 8 15 150 4 4 7 7 7
PF10343 5 1 84 97 254 2 4 5 5 5
PF07711 6 1 466 467 101 1 1 1 2 5
PF16717 9 2 361 547 77 1 4 5 5 8
PF04824 18 1 547 1031 0 1 13 15 16 18
PF04825 20 1 436 930 111 1 15 18 18 20
PF06098 5 1 109 471 196 1 4 4 4 4
PF16199 20 4 242 573 0 1 9 12 14 19
PF05691 9 1 178 332 556 1 9 9 9 9
PF05498 36 1 43 138 29 1 25 32 35 36
PF09457 17 1 502 1283 0 1 10 13 16 17
PF17191 18 1 495 623 156 1 8 9 9 9
PF14759 31 1 341 605 44 1 12 13 15 20
PF02014 25 9 58 3403 67 1 17 20 20 24
PF03432 13 1 148 657 86 1 12 12 12 12
PF03766 3 1 143 161 55 1 2 3 3 3
PF00239 47 1 82 694 9 1 25 31 33 36
PF11109 5 1 3 115 23 2 4 5 5 5
PF04506 13 3 94 344 428 1 11 13 13 13
PF04785 20 1 1 21 201 20 20 20 20 20
PF09284 12 1 252 284 248 1 2 8 8 9
PF12300 8 1 404 418 156 1 1 2 2 4
PF02115 16 1 11 107 181 2 11 12 12 14
PF07498 47 1 58 844 0 1 26 30 32 36
PF07497 47 1 311 737 73 1 28 30 32 36
PF05593 14 2 432 2824 0 1 8 9 10 13
PF04597 15 2 59 233 383 1 8 9 9 13
PF05817 13 1 75 493 205 1 7 7 8 12
PF01294 36 2 12 159 66 2 17 22 27 28
PF01280 36 5 4 159 58 2 21 22 25 28
PF01776 27 3 11 299 92 2 8 14 20 21
PF01777 26 1 54 68 80 1 9 12 12 17
PF01158 28 2 23 41 73 3 12 15 19 20
PF16205 23 2 89 93 68 1 6 8 14 15
PF02482 42 8 8 302 70 1 22 24 24 25
PF16321 27 7 158 302 19 1 13 17 17 17
PF14374 23 2 52 427 0 1 10 11 14 20
PF04034 25 4 54 271 107 1 16 19 19 19
PF02267 10 1 51 104 206 1 7 10 10 10
PF13806 6 1 8 957 0 2 3 3 3 3
PF00848 40 2 227 446 67 1 22 26 28 30
PF00866 38 1 59 130 72 1 14 17 18 19
PF01163 41 3 50 574 0 1 32 36 38 41
PF04957 22 1 2 23 50 16 21 22 22 22
PF10443 23 3 452 667 278 1 20 20 20 21
PF09468 8 2 47 111 220 1 6 7 7 8
PF01876 29 2 66 220 129 1 21 25 28 28
PF04252 2 1 15 345 198 2 2 2 2 2
PF16857 2 1 10 24 40 2 2 2 2 2
PF04990 20 1 1344 2452 103 2 12 13 13 14
PF04566 39 1 542 1608 0 1 26 28 31 32
PF03874 17 1 40 205 89 1 13 15 15 16
PF03871 21 1 120 153 82 1 11 14 15 17
PF01452 42 1 7 11 164 3 3 5 13 13
PF08633 9 2 78 340 9 1 9 9 9 9
PF08375 14 1 451 534 6 1 8 10 12 14
PF12410 5 1 49 127 132 1 2 2 2 3
PF17067 4 1 25 42 49 2 4 4 4 4
PF14615 9 2 52 220 0 1 8 8 8 8
PF10099 12 1 77 100 161 1 4 5 5 5
PF04378 2 1 35 35 245 1 2 2 2 2
PF00853 11 1 1 826 0 2 6 7 8 10
PF08504 8 1 352 607 57 1 3 4 5 7
PF02265 8 1 25 88 245 1 6 7 7 7
PF00277 25 3 9 82 50 1 6 17 22 25
PF04382 12 1 569 1087 38 1 5 9 10 12
PF08573 7 2 588 897 0 1 6 7 7 7
PF06682 9 3 74 117 229 1 6 7 8 9
PF08779 4 1 39 39 83 1 1 2 2 4
PF16531 8 1 378 573 94 1 7 8 8 8
PF04000 24 1 54 597 78 1 11 15 20 22
PF12320 21 1 287 336 87 1 6 6 6 8
PF13343 15 1 143 199 178 1 11 11 11 11
PF02036 34 1 39 736 74 1 17 22 27 31
PF06876 29 2 28 97 34 1 22 24 25 25
PF05285 14 2 466 632 214 1 8 10 10 14
PF13630 2 1 46 207 0 2 2 2 2 2
PF06428 10 1 69 719 30 1 6 8 9 10
PF13721 28 2 20 518 95 3 21 24 24 25
PF05938 31 1 53 129 53 1 21 29 29 29
PF09631 6 2 35 207 33 1 5 6 6 6
PF03925 33 1 66 244 63 1 18 30 30 30
PF17206 33 1 126 218 35 1 27 30 30 30
PF08239 37 1 172 4711 0 1 18 22 23 25
PF13457 14 1 253 1335 0 1 4 4 4 5
PF05546 25 6 141 547 41 1 22 22 23 24
PF13908 30 1 93 558 0 1 13 21 29 29
PF02491 28 4 334 424 76 1 14 16 16 17
PF06767 3 1 36 301 107 2 2 3 3 3
PF04546 29 1 402 506 213 1 7 13 16 23
PF08671 6 1 26 152 25 1 5 5 6 6
PF04938 10 1 101 302 138 2 7 7 8 8
PF09052 5 1 39 91 594 2 2 2 2 2
PF15785 6 1 1803 3051 610 1 5 5 5 6
PF13577 16 1 48 188 101 1 12 12 12 12
PF04158 10 1 350 434 86 1 5 6 7 10
PF03002 34 1 1 125 0 6 8 14 18 19
PF17079 12 11 48 108 68 1 6 9 12 12
PF04130 28 1 340 1819 58 1 21 22 25 26
PF09388 4 1 18 53 34 4 4 4 4 4
PF12105 6 3 169 201 28 1 3 3 3 3
PF05210 28 1 26 589 0 1 11 12 18 22
PF16845 24 11 11 240 59 2 20 22 22 22
PF00299 33 3 2 65 25 20 26 29 29 29
PF02290 13 1 48 110 39 1 7 7 8 9
PF08175 22 1 3 948 45 21 21 21 21 21
PF02876 27 1 181 244 53 1 11 13 13 15
PF12638 8 1 110 126 153 1 5 5 5 7
PF10330 3 1 317 435 78 1 3 3 3 3
PF15253 4 1 858 885 404 1 4 4 4 4
PF06800 49 1 12 138 161 1 21 24 25 27
PF16411 2 1 216 411 74 1 2 2 2 2
PF08231 21 1 96 339 56 1 13 18 20 20
PF02383 42 2 295 1345 296 1 27 36 36 41
PF11421 8 1 507 512 46 1 1 2 3 6
PF01203 5 1 6 244 41 2 5 5 5 5
PF16535 13 1 426 462 154 1 3 3 4 5
PF08988 2 1 4 5 62 2 2 2 2 2
PF09392 5 1 12 26 64 3 4 4 4 4
PF00837 33 3 33 125 193 1 15 25 29 32
PF05108 14 1 29 127 442 1 6 8 8 8
PF10610 7 1 11 13 97 1 2 3 4 4
PF04658 12 1 102 508 165 2 7 7 8 9
PF04357 5 1 1020 1282 45 1 3 5 5 5
PF11640 17 4 2615 2913 146 1 14 16 16 16
PF03430 4 4 44 151 538 2 3 3 3 3
PF07986 20 2 252 582 0 1 12 17 19 20
PF16752 7 1 178 303 81 1 6 6 6 7
PF09247 7 2 1765 2062 43 1 4 4 5 7
PF17484 5 1 466 563 133 1 4 5 5 5
PF01298 6 1 228 669 55 1 5 6 6 6
PF17483 5 1 512 581 87 1 4 5 5 5
PF12919 2 1 1994 2338 372 1 2 2 2 2
PF12920 2 1 1700 2050 666 1 2 2 2 2
PF12918 2 1 2305 2649 61 1 2 2 2 2
PF03645 38 2 32 221 13 2 18 20 20 24
PF07404 2 1 13 14 379 1 2 2 2 2
PF04466 4 1 218 239 203 1 4 4 4 4
PF17288 4 1 296 405 30 3 4 4 4 4
PF05876 3 1 145 516 42 1 3 3 3 3
PF12851 22 3 697 2860 80 1 13 16 18 21
PF14601 10 2 56 94 65 1 5 8 9 9
PF14809 5 1 511 516 69 1 1 4 5 5
PF14810 19 3 512 648 66 1 11 15 16 19
PF14789 21 1 258 361 40 1 17 18 18 19
PF14790 7 1 229 297 171 1 7 7 7 7
PF05615 13 2 69 275 136 1 9 10 11 11
PF00585 33 23 274 600 0 1 17 21 21 22
PF12457 21 7 699 801 100 2 7 8 12 16
PF15982 6 1 315 325 130 1 2 3 4 6
PF14935 6 1 45 46 116 1 2 3 4 6
PF10190 10 1 35 69 83 2 5 7 8 9
PF07851 16 2 20 81 315 2 6 11 12 14
PF05552 10 1 232 470 48 1 6 8 8 8
PF15178 4 1 1 1 50 4 4 4 4 4
PF08272 10 1 3 876 0 2 7 8 8 9
PF13368 18 1 767 1212 48 1 9 11 13 15
PF08119 3 3 1 2 35 3 3 3 3 3
PF05294 19 1 5 62 0 2 4 6 12 12
PF17323 2 1 23 25 148 1 2 2 2 2
PF04201 12 1 10 140 124 2 7 11 11 12
PF16920 16 2 735 819 43 1 5 6 8 13
PF04265 12 3 174 569 1 1 9 11 12 12
PF04263 12 3 108 569 125 1 9 10 12 12
PF06886 17 1 146 891 0 1 14 16 16 17
PF12214 9 1 581 794 172 1 6 8 8 9
PF12696 2 1 188 668 0 1 2 2 2 2
PF02371 12 1 245 414 0 2 11 11 11 12
PF08164 21 5 452 636 0 1 19 19 20 20
PF04956 17 1 22 290 42 2 10 12 12 12
PF03743 16 1 297 429 14 1 8 10 10 13
PF04610 39 1 134 1157 0 1 13 22 30 34
PF14684 6 6 789 1125 67 1 6 6 6 6
PF14685 6 6 770 1171 55 1 6 6 6 6
PF05206 11 2 171 461 151 1 10 11 11 11
PF01994 45 1 21 279 55 1 35 39 40 44
PF04816 6 1 115 313 0 3 6 6 6 6
PF08915 42 5 289 504 130 1 26 33 40 42
PF02778 45 7 103 465 0 1 27 33 39 39
PF12928 6 2 317 461 65 1 6 6 6 6
PF08302 4 1 669 1104 118 1 4 4 4 4
PF08303 3 1 631 666 156 1 3 3 3 3
PF02367 20 1 31 84 101 2 13 15 15 16
PF03073 16 4 20 106 90 1 14 14 16 16
PF09477 2 1 1 1 114 2 2 2 2 2
PF03064 6 1 20 474 210 1 2 4 4 4
PF14732 10 3 516 633 67 1 7 7 8 9
PF14814 5 1 657 760 84 1 5 5 5 5
PF16195 6 3 552 571 86 1 1 3 3 5
PF13423 30 6 767 986 305 1 20 24 26 29
PF02939 11 1 16 63 66 3 6 7 9 9
PF11094 8 1 39 58 41 3 5 5 5 6
PF15435 7 3 9 9 197 1 2 2 2 2
PF11701 10 2 646 756 188 2 5 5 7 8
PF11543 12 1 330 579 83 1 9 10 10 11
PF01458 45 1 106 869 0 1 21 25 27 31
PF01980 17 2 68 415 50 1 15 17 17 17
PF03657 16 1 21 81 100 1 8 11 11 12
PF03691 5 1 10 29 162 2 3 3 3 3
PF01014 31 1 57 473 231 1 13 19 23 27
PF00577 39 5 367 937 0 2 33 33 33 37
PF14533 17 1 952 1230 0 1 10 10 11 15
PF03851 21 1 49 597 262 1 11 13 15 16
PF03179 28 1 7 28 98 7 15 18 19 21
PF11698 15 3 367 440 74 4 10 11 12 15
PF03224 15 3 133 175 319 1 10 11 12 12
PF03402 40 1 73 336 103 1 19 33 35 40
PF02830 10 1 112 566 12 1 10 10 10 10
PF05316 10 1 79 239 190 1 8 9 9 9
PF15337 10 1 321 475 0 1 4 5 6 8
PF08776 13 1 375 980 0 1 5 10 12 12
PF01505 18 1 677 729 156 1 11 13 15 17
PF09733 10 1 391 900 0 1 7 9 9 10
PF06529 8 1 144 157 305 1 3 5 6 8
PF08473 12 1 718 823 340 1 4 5 6 12
PF12052 18 1 435 619 41 1 4 5 7 12
PF04702 7 3 363 493 173 1 5 5 5 7
PF17413 3 1 21 22 34 1 1 2 2 2
PF05101 14 1 24 51 79 3 7 7 7 9
PF04335 15 1 39 86 173 1 8 8 8 9
PF07328 3 1 6 8 139 2 2 2 2 2
PF07229 3 3 13 24 532 2 2 2 2 2
PF11653 2 1 1 12 98 2 2 2 2 2
PF10542 14 10 70 168 34 1 5 6 8 11
PF03517 20 3 132 273 81 1 14 14 14 18
PF03997 12 1 33 194 155 1 7 9 10 12
PF11846 2 2 422 464 84 1 2 2 2 2
PF09412 14 1 35 592 217 1 8 11 13 13
PF03159 34 2 331 1493 253 1 29 31 31 32
PF01797 3 1 35 60 117 2 2 2 2 2
PF07949 2 1 239 259 244 1 2 2 2 2
PF07317 26 1 127 166 104 1 25 26 26 26
PF03366 26 1 128 1422 89 1 20 23 23 24
PF05360 4 1 38 96 49 2 3 3 3 3
PF03878 12 1 123 180 136 1 7 8 9 12
PF05764 9 2 96 575 209 1 6 6 7 8
PF08265 14 2 94 795 0 1 9 9 10 13
PF08863 3 1 5 35 77 3 3 3 3 3
PF03545 7 1 151 521 68 1 3 3 4 5
PF09020 3 1 94 94 125 1 1 1 1 2
PF08892 3 1 48 77 188 1 3 3 3 3
PF03162 18 1 17 254 106 1 11 17 17 17
PF12861 7 1 1 100 83 6 7 7 7 7
PF12756 17 1 95 1024 28 1 14 16 16 16
PF14608 33 1 291 740 16 1 23 28 29 31
PF15288 27 1 420 2129 39 1 8 8 11 18
PF10276 11 2 88 213 2 1 5 7 8 9
PF02701 38 1 146 457 41 1 6 32 35 35
PF06467 24 1 150 1549 0 1 12 12 13 18
PF06839 28 1 444 2104 0 1 18 27 28 28
PF13909 47 1 148 2506 0 1 24 33 34 38
PF13771 39 1 293 5588 0 1 26 31 35 37
PF04438 29 1 123 918 0 1 14 23 24 27
PF02891 23 2 507 1072 14 1 15 16 17 22
PF15906 10 1 224 283 74 1 6 7 9 9
PF05020 30 7 420 548 144 1 23 26 26 28
PF03854 21 2 7 88 14 1 17 19 19 19
PF09329 8 1 525 885 0 2 7 8 8 8
PF14570 13 3 443 1150 49 1 8 10 10 10
PF08080 13 1 379 414 35 1 2 2 2 5
PF11781 16 4 287 862 28 1 12 14 15 16
PF11722 10 2 401 494 28 1 9 10 10 10
PF05253 23 2 102 712 0 1 10 18 20 20
PF04704 14 1 457 471 290 1 3 5 5 11
PF00882 18 1 184 841 123 1 11 14 16 16
PF09817 10 4 134 204 449 1 6 8 8 9
